id=12|features=[1,2,3,4]|lat=12.323213|long=3.2313123
id=13|features=[1,3,4]|lat=12.323213|long=3.2313123